000000000000000000000000
101000100000000000000000
010000100000001000000000
001000000000000000000000
000000000000000100000000
101010000000000000000000
101001000000000000000000
010000000001000000000000
010000000000100000000000
010000000000010000000000
111000000000000000000000
000100000000000000000000
000000010000000000000000
000000001000000000000000
000000000100000000000000
000000000010000000000000
100000000001000000000000
010000100010001000000000
010001000010010000000000
010010000010100000000000
010100000011000000000000
010000000000001000000000
000000000000000000000001
000000000000000000000010
000000000000000000000100
000000000000000000001000
000000000000000000010000
000000000000000000100000
000000000000000001000000
000000000000000010000000
010000000000011000000000
010000000000110000000000
010000000001100000000000
000000000001000000000000
000000000000100000000000
000000000000010000000000
000000000000001000000000
010000010000000000000000
010000001000000000000000
010000000100000000000000
010001000000011000000000
010001000000001000000000
010010000000110000000000
010010000000010000000000
010100000001100000000000
010100000000100000000000
011000000000000000000000
